$ANSIBLE_VAULT;1.1;AES256
35646366663033326232383234316235623666616637623462343631633836623764613837666365
3862663637373636653538633734643766323238383735360a643861623131663537306537316635
33343339303033623431303736316631363430333561343731643938623862316434386435656138
6462316266616533380a306339366166396239656233356638656337313232663435346638323163
34323866386165353565346330353232323635666134313964343132616665323134633837356131
65643730666361623330363263343735376539306538613634363366316563373465613763343837
61646161376366396139663333633634343335326665383634346430653864346537613464356166
38376265343031656633353737366431366438646535326162353137643131383439383363386633
33393031323366343966653036326132363961636161643365333332346366313462383430643165
31396432373835343036393836626535616439666336376338373836343630383531376633393634
30363538656565643832666437373132626565373464613037376530616534343531663030663830
39376361636162393563363330323039616562326134663235663263633935666636383735303463
32313838656438666639666437373332303263353265646263633833613431653537336437646661
62363035346635306461353137396462323135333639613633306437643938663232356139646136
34636336323563613132303433633831633665663737313234383361393563346636363737346530
61616135326265636633616239353066623264643966663138333436613831343237363332336562
64353465343734396437323138396332386630383032376238353131353762323565386536663139
66636630353966626235663137323130643263343761383539353634313639303761313036353163
39663338356564363965316430616638313163656534656164323061363863323731646437393634
34343732663632313066336439303164366464613033613463373733336265353764343061353832
62653338646361663062356165653034363332313832626262353266343138313039643331303863
33616564663939636366303331306432663438386530326639626538356339353336353234636131
31303038353234656665313565393632313730373831313366323033383937326634663832636163
64626138346130386136303864626132653566303265396430393338613566343162323433383964
30303233343338633636303962363634626664636636313232636262643561623831633030376666
36366432376337626165383865346635316133613362353934643039353663366634346237663832
30316336623337396636303736663135333963393961386262383139356338316437353331373564
38643563333561623464
